694a4a01-56e0-494a-b030-0d2757edb4c1	3.31501120764526	9ced877c-497e-45b6-9549-562c758e00fa	1	5	75	1
694a4a01-56e0-494a-b030-0d2757edb4c1	3.31501120764526	eefed63b-8eeb-431b-bb50-63c25798ea83	1.5	3.5	75	1
eefed63b-8eeb-431b-bb50-63c25798ea83	3.29338208820944	eefed63b-8eeb-431b-bb50-63c25798ea83	1.5	3.5	100	1
64c7b186-de40-4cad-a1f6-dffe7142c990	3.24356860926376	9ced877c-497e-45b6-9549-562c758e00fa	1	5	100	1
9ced877c-497e-45b6-9549-562c758e00fa	3.20859778014943	9ced877c-497e-45b6-9549-562c758e00fa	1	5	100	1
8d1e7ea2-26e3-4693-ac85-0c975dac9448	2.86266592948872	d86aef28-5ee7-4fd9-9a9b-de8cc06c4557	2.5	3.25	75	1
debd54b6-d961-4098-9292-c51a80caefb2	2.74989460669915	686509c1-fdca-4255-95fa-005b4947a0d1	2.25	4.25	75	1
debd54b6-d961-4098-9292-c51a80caefb2	2.74989460669915	d86aef28-5ee7-4fd9-9a9b-de8cc06c4557	2.5	3.25	100	1
bc4301e9-9b45-4464-81af-2f180218a093	2.715616876267	686509c1-fdca-4255-95fa-005b4947a0d1	2.25	4.25	100	1
bc4301e9-9b45-4464-81af-2f180218a093	2.715616876267	21bb91af-fb89-4f9b-a2ac-be9e84807e6d	2	4.75	75	1
bc4301e9-9b45-4464-81af-2f180218a093	2.715616876267	d86aef28-5ee7-4fd9-9a9b-de8cc06c4557	2.5	3.25	75	1
694a4a01-56e0-494a-b030-0d2757edb4c1	3.44207410683078	694a4a01-56e0-494a-b030-0d2757edb4c1	1.25	5	100	2
694a4a01-56e0-494a-b030-0d2757edb4c1	3.44207410683078	eefed63b-8eeb-431b-bb50-63c25798ea83	1.5	4.25	75	2
eefed63b-8eeb-431b-bb50-63c25798ea83	3.41961592770472	694a4a01-56e0-494a-b030-0d2757edb4c1	1.25	5	75	2
eefed63b-8eeb-431b-bb50-63c25798ea83	3.41961592770472	eefed63b-8eeb-431b-bb50-63c25798ea83	1.5	4.25	100	2
64c7b186-de40-4cad-a1f6-dffe7142c990	3.36789312962678	694a4a01-56e0-494a-b030-0d2757edb4c1	1.25	5	75	2
9ced877c-497e-45b6-9549-562c758e00fa	3.33158188504188	694a4a01-56e0-494a-b030-0d2757edb4c1	1.25	5	75	2
a41e2539-2194-4da3-8618-b1f5c7410576	3.25614595033124	8d1e7ea2-26e3-4693-ac85-0c975dac9448	2.75	5	75	2
20c132ad-0c7c-41bf-a35c-5a95fa87892a	2.97842190817735	20c132ad-0c7c-41bf-a35c-5a95fa87892a	3.5	3.75	100	2
8d1e7ea2-26e3-4693-ac85-0c975dac9448	2.97239062446115	8d1e7ea2-26e3-4693-ac85-